7
7
0.2847603909385438
0.10469480664046043
0.092065341772143596
0.14294251566069692
0.10029979648940774
0.12797383088448777
0.14726331761425965
0.11601602695985773
0.2048508436245075
0.10700684577803186
0.10858945955511928
0.12124209009014331
0.23814377285451965
0.104150961137820752
0.06666163752391785
0.26756668889532484
0.2810577151026912
0.1018433963875563522
0.10005869040106154
0.064301106472870804
0.11851076521657747
0.23877248669833295
0.15408931484490857
0.11389130828311465
0.1458880343878148
0.116025082287811843
0.098684197507959756
0.1326495759900574
0.125277543522425325
0.10576255367254569
0.20235460065198246
0.08658944067724128
0.2652391435205157
0.10240088444176312
0.11237583351352637
0.19952100699607708
0.19854392188025927
0.11206041509005751
0.10855547704027465
0.08203591155931388
0.20906927459948735
0.09021399283453042
0.08376971614982663
0.13678887024716602
0.100560814604273184
0.112226312097919991
0.15319270275870417
0.0835040519020705
0.3299575322400395
-1.0
0.0
0.0
0.0
0.0
0.0
1.0
0.0
0.0
0.0
0.0
0.0
0.0
0.0
0.0
0.0
0.0
0.0
0.0
0.0
0.0
0.0
0.0
0.0
0.0
0.0
0.0
0.0
0.0
0.0
0.0
0.0
0.0
0.0
0.0
0.0
0.0
0.0
0.0
0.0
0.0
0.0
0.0
0.0
0.0
0.0
0.0
0.0
0.0
0.2847603909385438
7
20
0.0
0.0
0.0
0.0
0.0
0.7403288565425914
0.0
0.0
0.0
0.0
0.0
0.0
0.0
0.0
0.0
0.2596711434574087
0.0
0.0
0.0
0.0
0.2652350035622088
0.15974134189938616
0.0
0.0
0.0
0.0
0.0
0.4014478880738146
0.0
0.0
0.0
0.0
0.0
0.0
0.0
0.0
0.17357576646459041
0.0
0.0
0.0
0.0
0.0
0.3580122920112256
0.0
0.0
0.0
0.1551722542782188
0.0
0.0
0.114004668215719331
0.0
0.0
0.0
0.0
0.124393334410648254
0.0
0.0
0.0
0.0
0.24841745108418796
0.0
0.0
0.0
0.5843395810829042
0.0
0.0
0.0
0.0
0.41566041891709593
0.0
0.0
0.0
0.0
0.0
0.0
0.0
0.0
0.0
0.0
0.0
0.0
0.0
0.0
0.0
0.0
0.0
0.0
0.0
0.0
0.0
0.0
0.8258606802852495
0.0
0.0
0.0
0.0
0.0
0.0
0.17413931971475038
0.0
0.0
0.0
0.0
0.0
0.142198384269672075
0.0
0.0
0.0
0.0
0.0
0.31646280867000024
0.0
0.3688889533261738
0.17244985373415392
0.0
0.0
0.0
0.0
0.0
0.0
0.0
0.0
0.0
0.0
0.0
0.0
0.0
0.0
0.0
0.0
0.0
0.0
0.0
0.0
0.0
0.0
0.0
1.0
0.0
0.0
0.0
0.0
0.0
0.0
0.0
-1.0
0.0
0.0
0.0
0.0
0.0
0.0
0.0
0.0
0.0
1.0
0.0
0.0
0.0
0.0
0.0
0.0
0.0
0.0
0.0
0.0
0.0
-1.0
0.0
0.0
0.0
0.0
0.0
0.0
0.0
0.0
1.0
0.0
0.0
0.0
0.0
0.0
0.0
0.0
0.0
0.0
0.0
0.0
0.0
1.0
0.0
0.0
0.0
0.0
0.0
0.0
0.0
0.0
0.0
-1.0
0.0
0.0
0.0
0.0
0.0
0.0
0.0
0.0
0.0
0.0
0.0
0.0
0.0
0.0
0.0
0.0
0.0
0.0
0.0
0.0
0.0
0.0
0.0
0.0
0.0
0.0
0.0
0.0
0.0
0.0
0.0
0.0
0.0
0.0
0.0
0.0
0.0
0.0
0.0
0.0
0.0
0.0
0.0
0.0
0.0
0.0
0.0
0.0
0.0
0.0
0.0
0.0
0.0
0.0
0.0
0.0
0.0
0.0
0.0
0.0
0.0
0.0
0.0
0.0
0.0
0.0
0.0
0.0
0.0
0.0
0.0
0.0
0.0
0.0
0.0
0.0
0.0
0.0
0.0
0.0
0.4414478880738146
