15
15
0.12585317349889505
0.05040731704710502
0.04179588468211044
0.09217139281858136
0.06508235420057583
0.06710765337194047
0.10848610879848547
0.05299042233617551
0.034281945067883235
0.04864628811411144
0.05814908856743257
0.05418472520876037
0.08775590438115177
0.07219845430904637
0.04088928759774508
0.15248341850806063
0.1568566573522366
0.03393088703780048
0.06576826784708978
0.03796916706314299
0.07174967571766336
0.07111424186799661
0.06404403519478925
0.045025135845228235
0.04103662125634909
0.03586897794024817
0.07224013313020888
0.062233928287951136
0.04152154764218857
0.048157305309046175
0.10133119041109254
0.0557758458602036
0.10207881493615045
0.05987390356767708
0.08837754272830828
0.06555262825904395
0.06539484540706247
0.0670945132694275
0.055707718093835804
0.04658075659378738
0.051429210141709224
0.043056882863275844
0.04296062537666193
0.060546456538884824
0.09423906595287916
0.03708046542531319
0.049635884909797284
0.05892573684688607
0.1304659882734448
0.10246668654553134
0.03350521234185959
0.07059642578344688
0.12679531028842486
0.036115005396807086
0.056695688839748334
0.04536720063252145
0.03959149478075953
0.03918597575487418
0.11309406466435123
0.06047885951623411
0.03496587317846782
0.04089348290675569
0.07650354278879265
0.058330652316455844
0.2520592283480242
0.053334421526869874
0.037108628849930325
0.03937747982966842
0.08151127117934445
0.0648550922153682
0.045148841000298014
0.06038764606376762
0.043030938797722094
0.07873660763996229
0.033756293358572574
0.0777707455844156
0.10553547179066161
0.06592926083450121
0.08114970023969933
0.08058404064871913
0.15350405404638973
0.054058245884722994
0.03520380641134642
0.03659132378303741
0.09322427519961608
0.03964640827428529
0.03782403610200101
0.06120314260597945
0.039209905185188715
0.038565583409436124
0.09024547363237882
0.08374422100302398
0.05689964001414169
0.06308404267115036
0.039791232874680775
0.04473947332731288
0.1362554626328275
0.04741480440334097
0.0939595010482735
0.07366858211746448
0.039343632786804736
0.06905630482605768
0.05532381153797994
0.06109706437980174
0.04537675274476094
0.04332056619423604
0.03778056423778005
0.0430753678553534
0.0377652735127889
0.05869549880219062
0.04796624298436081
0.0646878717030446
0.157932866897677
0.05604643717781155
0.1341663547469581
0.06710785412999096
0.0361541512269384
0.054343333238954586
0.11225222089003409
0.04870539640188089
0.043204934192957525
0.044034903113969195
0.05248713346405795
0.053636916573664095
0.10801374955029344
0.034838026166768205
0.03625078059174431
0.0971763874290335
0.12112492683780701
0.053723143063528586
0.08200215988896253
0.043946304439201764
0.07951065412049199
0.03518489472261102
0.11486508584490887
0.056428421380593445
0.07049617391370883
0.05840305133972035
0.079390749526612
0.1116912022090076
0.03993658477269319
0.0548480852922964
0.06981445606789133
0.06467135266952857
0.12236882421041662
0.059255812189198065
0.06270370946222846
0.046858575896546205
0.0494448432827993
0.05368815778675965
0.044273632368798506
0.06507346847328113
0.07234774535994037
0.05491545997854813
0.09160811485726089
0.039024657658402136
0.08468161760150984
0.04334586959393953
0.036711035921218924
0.050297419918732156
0.14396119294924034
0.03997091191719508
0.07267716911547094
0.07689013842697395
0.084221565859488
0.06404437733805249
0.039949147668185754
0.060418171221146136
0.039635528716316336
0.0607116239534337
0.05683747012100822
0.0750546339064419
0.03396297998665762
0.048141038014547215
0.06518189922454445
0.051413007382972525
0.11944993534480991
0.08672248112270586
0.10452699670004989
0.09395070929912792
0.15072961394078194
0.043183445310515434
0.04995622713696978
0.03992993243662977
0.050053108303517946
0.10116159257827509
0.06067859874254822
0.05746684306416816
0.04092261545784486
0.057939916892343984
0.03685391801593936
0.039344128534501754
0.1595046171074974
0.03689150538466258
0.07538393709380374
0.055518050946017285
0.06153010411582148
0.034941149986694266
0.05884679090548739
0.10528991194061477
0.07830128902574189
0.10547925702729966
0.049345856176191964
0.053148557505112826
0.053396596437062085
0.05118599491999071
0.08005309252966744
0.03737312285809879
0.10602289784103261
0.06956732778516686
0.05900363790998982
0.06218997916377514
0.09182224264743172
0.07916220889256034
0.06333534674129032
0.05003714750350936
0.03621346114874786
0.06483546800331548
0.058616634358349504
0.03870992826743166
0.12061356826558745
0.06631823032130477
0.04534114585568054
0.039127664705952005
0.12467333621507407
0.0
0.0
0.0
0.0
0.0
0.0
0.0
0.0
0.0
0.0
0.0
0.0
0.0
0.0
0.0
0.0
0.0
0.0
0.0
0.0
0.0
0.0
0.0
0.0
0.0
0.0
0.0
0.0
0.0
0.0
0.0
0.0
0.0
0.0
0.0
0.0
0.0
0.0
0.0
0.0
0.0
0.0
0.0
0.0
0.0
0.0
0.0
0.0
0.0
0.0
0.0
0.0
0.0
0.0
0.0
0.0
0.0
0.0
0.0
0.0
0.0
0.0
0.0
0.0
-1.0
0.0
0.0
0.0
0.0
0.0
0.0
0.0
0.0
0.0
1.0
0.0
0.0
0.0
0.0
0.0
0.0
0.0
0.0
0.0
0.0
0.0
0.0
0.0
0.0
0.0
0.0
0.0
0.0
0.0
0.0
0.0
0.0
0.0
0.0
0.0
0.0
0.0
0.0
0.0
0.0
0.0
0.0
0.0
0.0
0.0
0.0
0.0
0.0
0.0
0.0
0.0
0.0
0.0
0.0
0.0
0.0
0.0
0.0
0.0
0.0
0.0
0.0
0.0
0.0
0.0
0.0
0.0
0.0
0.0
0.0
0.0
0.0
0.0
0.0
0.0
0.0
0.0
0.0
0.0
0.0
0.0
0.0
0.0
0.0
0.0
0.0
0.0
0.0
0.0
0.0
0.0
0.0
0.0
0.0
0.0
0.0
0.0
0.0
0.0
0.0
0.0
0.0
0.0
0.0
0.0
0.0
0.0
0.0
0.0
0.0
0.0
0.0
0.0
0.0
0.0
0.0
0.0
0.0
0.0
0.0
0.0
0.0
0.0
0.0
0.0
0.0
0.0
0.0
0.0
0.0
0.0
0.0
0.0
0.0
0.0
0.0
0.0
0.0
0.0
0.0
0.0
0.0
0.0
0.0
0.0
0.0
0.0
0.0
0.0
0.0
0.0
0.0
0.0
0.0
0.0
0.0
0.0
0.0
0.0
0.0
0.2520592283480242
15
2
0.0
0.01
1.0
0.01642857142857143
2.0
0.02285714285714286
3.0
0.02928571428571429
4.0
0.03571428571428572
5.0
0.04214285714285715
6.0
0.04857142857142858
7.0
0.05500000000000001
8.0
0.06142857142857144
9.0
0.06785714285714287
10.0
0.07428571428571429
11.0
0.08071428571428572
12.0
0.08714285714285715
13.0
0.09357142857142857
14.0
0.1
-1.0
0.0
-1.0
0.0
0.0
0.0
0.0
0.0
0.0
0.0
0.0
0.0
0.0
0.0
0.0
0.0
0.0
0.0
0.0
0.0
0.0
0.0
0.0
0.0
0.0
0.0
0.0
0.0
0.0
0.0
2
