7
7
0.2847603909385438
0.10469480664046043
0.092065341772143596
0.14294251566069692
0.10029979648940774
0.12797383088448777
0.14726331761425965
0.11601602695985773
0.2048508436245075
0.10700684577803186
0.10858945955511928
0.12124209009014331
0.23814377285451965
0.104150961137820752
0.06666163752391785
0.26756668889532484
0.2810577151026912
0.1018433963875563522
0.10005869040106154
0.064301106472870804
0.11851076521657747
0.23877248669833295
0.15408931484490857
0.11389130828311465
0.1458880343878148
0.116025082287811843
0.098684197507959756
0.1326495759900574
0.125277543522425325
0.10576255367254569
0.20235460065198246
0.08658944067724128
0.2652391435205157
0.10240088444176312
0.11237583351352637
0.19952100699607708
0.19854392188025927
0.11206041509005751
0.10855547704027465
0.08203591155931388
0.20906927459948735
0.09021399283453042
0.08376971614982663
0.13678887024716602
0.100560814604273184
0.112226312097919991
0.15319270275870417
0.0835040519020705
0.3299575322400395
-1.0
0.0
0.0
0.0
0.0
0.0
1.0
0.0
0.0
0.0
0.0
0.0
0.0
0.0
0.0
0.0
0.0
0.0
0.0
0.0
0.0
0.0
0.0
0.0
0.0
0.0
0.0
0.0
0.0
0.0
0.0
0.0
0.0
0.0
0.0
0.0
0.0
0.0
0.0
0.0
0.0
0.0
0.0
0.0
0.0
0.0
0.0
0.0
0.0
0.2847603909385438
7
2
0.0
0.01
1.0
0.025
2.0
0.04
3.0
0.05500000000000001
4.0
0.07
5.0
0.085
6.0
0.1
-1.0
0.0
-1.0
0.0
0.0
0.0
0.0
0.0
0.0
0.0
0.0
0.0
0.0
0.0
2
